image_width: 2064
image_height: 1544
camera_name: camera_fl
distortion_model: plumb_bob
camera_model: plumb_bob
camera_matrix:
  rows: 3
  cols: 3
  data: [4.6204096790158428e+03, 0.,                     1.0598536033975779e+03,
         0.,                     4.6310605880806888e+03, 7.6609096383263989e+02,
         0.,                     0.,                     1.]
distortion_coefficients:
  rows: 1
  cols: 5
  data: [ -3.2482691458999791e-01, 1.6114050149069192e+00, 5.4610226917834348e-04, -1.0260275346290701e-03, -7.6391175553286015e+00 ]
rectification_matrix:
  rows: 3
  cols: 3
  data: [1., 0., 0.,
         0., 1., 0.,
         0., 0., 1.]
projection_matrix:
  rows: 3
  cols: 4
  data: [4.6204096790158428e+03, 0.,                     1.0598536033975779e+03, 0.,
         0.,                     4.6310605880806888e+03, 7.6609096383263989e+02, 0.,
         0.,                     0.,                     1.,                     0.]